function [vValue, aValues, cValues, populationSize, numOfSelections] = initializeProblemValues
    vValue  = 100;
    aValues = [1.25 1.25 1.25 1.25 1.25 1.5 1.5 1.5 1.5 1.5 1 1 1 1 1 1 1];
    cValues = [54.13 21.56 34.08 49.19 33.03 21.84 29.96 24.87 47.24 33.97 26.89 32.76 39.98 37.12 53.83 61.65 59.73];
    populationSize  = 500;
    numOfSelections = 300;
end
